0 279
279 1
1 2
2 278
278 277
277 3
3 276
276 275
275 274
274 273
273 272
272 271
271 270
270 15
15 16
16 17
17 18
18 19
19 20
20 127
127 126
126 125
125 124
124 29
29 30
30 31
31 28
28 27
27 26
26 25
25 21
21 24
24 22
22 23
23 32
32 33
33 123
123 122
122 121
121 120
120 119
119 118
118 156
156 157
157 158
158 159
159 174
174 160
160 161
161 162
162 163
163 164
164 165
165 166
166 167
167 168
168 100
100 99
99 98
98 101
101 102
102 103
103 104
104 105
105 106
106 172
172 173
173 107
107 109
109 110
110 113
113 112
112 86
86 83
83 82
82 81
81 80
80 79
79 88
88 108
108 89
89 90
90 91
91 92
92 93
93 94
94 95
95 96
96 97
97 78
78 87
87 111
111 84
84 64
64 63
63 65
65 66
66 69
69 70
70 71
71 72
72 73
73 74
74 75
75 76
76 77
77 67
67 68
68 85
85 115
115 114
114 116
116 117
117 60
60 59
59 42
42 41
41 40
40 39
39 38
38 37
37 36
36 34
34 35
35 61
61 62
62 58
58 43
43 44
44 45
45 46
46 47
47 48
48 49
49 50
50 51
51 52
52 53
53 54
54 55
55 56
56 57
57 169
169 170
170 171
171 128
128 153
153 154
154 152
152 155
155 151
151 150
150 176
176 175
175 180
180 179
179 178
178 181
181 182
182 183
183 184
184 186
186 185
185 187
187 188
188 189
189 190
190 191
191 177
177 129
129 130
130 131
131 132
132 133
133 134
134 135
135 136
136 137
137 138
138 139
139 140
140 141
141 142
142 143
143 144
144 198
198 197
197 196
196 193
193 194
194 195
195 192
192 200
200 199
199 201
201 202
202 203
203 204
204 205
205 206
206 207
207 208
208 251
251 254
254 255
255 252
252 253
253 256
256 257
257 258
258 259
259 260
260 261
261 262
262 209
209 210
210 213
213 214
214 217
217 218
218 221
221 222
222 223
223 224
224 225
225 226
226 227
227 228
228 229
229 250
250 249
249 246
246 243
243 240
240 239
239 238
238 237
237 230
230 231
231 232
232 233
233 234
234 235
235 236
236 245
245 241
241 242
242 244
244 248
248 247
247 211
211 212
212 215
215 216
216 219
219 220
220 145
145 146
146 147
147 148
148 149
149 265
265 264
264 263
263 266
266 267
267 268
268 269
269 5
5 4
4 6
6 7
7 8
8 9
9 10
10 11
11 12
12 13
13 14
14 0
